UNITS MM,10000;
EDIT proj;
ADD P1 :W0.000000  0.0000,-0.5500 5.2700,-0.5500 5.2700,0.5500 0.0000,0.5500;
ADD P1 :W0.000000  0.0000,-7.6500 5.2700,-7.6500 5.2700,-6.5500 0.0000,-6.5500;
ADD P1 :W0.000000  -0.2844,0.6678 -1.0622,-0.1100 0.0002,-0.5500 0.0000,0.5501 -0.1666,0.5500;
ADD P1 :W0.000000  -1.9463,0.7739 -1.1683,1.5519 -0.2843,0.6678 -1.0622,-0.1101;
ADD P1 :W0.000000  0.0000,-7.6500 0.0000,-6.5500 -1.0624,-6.9901 -0.2843,-7.7679 -0.1666,-7.6500;
ADD P1 :W0.000000  -1.1683,-8.6519 -1.9463,-7.8739 -1.0622,-6.9899 -0.2843,-7.7678;
ADD P1 :W0.000000  5.2700,0.5500 5.2700,-0.5500 6.3324,-0.1099 5.5543,0.6679 5.4366,0.5500;
ADD P1 :W0.000000  6.4383,1.5519 7.2163,0.7739 6.3322,-0.1101 5.5543,0.6678;
ADD P1 :W0.000000  5.5544,-7.7678 6.3322,-6.9900 5.2698,-6.5500 5.2700,-7.6501 5.4366,-7.6500;
ADD P1 :W0.000000  7.2163,-7.8739 6.4383,-8.6519 5.5543,-7.7678 6.3322,-6.9899;
SAVE;
