UNITS MM,10000;
EDIT proj;
ADD P1 :W0.000000  0.0000,-0.5775 1.4315,-0.5775 1.4315,0.5775 0.0000,0.5775;
ADD P1 :W0.000000  2.2789,0.5775 1.4315,0.5775 1.4315,-0.5776 2.2789,-0.5776;
ADD P1 :W0.000000  2.2789,0.5775 2.2789,3.4760 1.4315,3.4760 1.4315,0.5775;
ADD P1 :W0.000000  2.2789,-1.3516 2.2789,-0.5776 1.4315,-0.5776 1.4315,-1.3516;
ADD P1 :W0.000000  2.2526,-1.3516 2.2526,-2.1464 1.4579,-1.3516;
ADD P1 :W0.000000  2.2526,-2.1464 7.5547,-2.1464 7.5547,-1.3516 2.2526,-1.3516;
ADD P1 :W0.000000  2.2526,-3.3602 7.5547,-3.3602 7.5547,-2.5655 2.2526,-2.5655;
ADD P1 :W0.000000  7.5547,-3.3731 12.7999,-3.3731 12.7999,-2.5527 7.5547,-2.5527;
ADD P1 :W0.000000  7.5547,-4.9621 12.7999,-4.9621 12.7999,-4.1417 7.5547,-4.1417;
ADD P1 :W0.000000  12.7999,-4.9636 18.0451,-4.9636 18.0451,-4.1402 12.7999,-4.1402;
ADD P1 :W0.000000  12.7999,-6.6999 18.0451,-6.6999 18.0451,-5.8766 12.7999,-5.8766;
ADD P1 :W0.000000  18.0451,-6.7003 23.2929,-6.7003 23.2929,-5.8763 18.0451,-5.8763;
ADD P1 :W0.000000  18.0451,-8.4850 23.2929,-8.4850 23.2929,-7.6610 18.0451,-7.6610;
ADD P1 :W0.000000  23.2929,-8.4850 28.5407,-8.4850 28.5407,-7.6610 23.2929,-7.6610;
ADD P1 :W0.000000  23.2929,-10.2697 28.5407,-10.2697 28.5407,-9.4457 23.2929,-9.4457;
ADD P1 :W0.000000  28.5407,-10.2694 33.7859,-10.2694 33.7859,-9.4460 28.5407,-9.4460;
ADD P1 :W0.000000  28.5407,-12.0057 33.7859,-12.0057 33.7859,-11.1824 28.5407,-11.1824;
ADD P1 :W0.000000  33.7859,-12.0043 39.0311,-12.0043 39.0311,-11.1839 33.7859,-11.1839;
ADD P1 :W0.000000  33.7859,-13.5933 39.0311,-13.5933 39.0311,-12.7729 33.7859,-12.7729;
ADD P1 :W0.000000  39.0311,-13.5805 44.3332,-13.5805 44.3332,-12.7857 39.0311,-12.7857;
ADD P1 :W0.000000  39.0311,-14.7943 44.3332,-14.7943 44.3332,-13.9996 39.0311,-13.9996;
ADD P1 :W0.000000  44.3332,-14.7944 44.3332,-13.9996 45.1279,-14.7944;
ADD P1 :W0.000000  45.1543,-15.5684 45.1543,-14.7944 44.3069,-14.7944 44.3069,-15.5684;
ADD P1 :W0.000000  44.3069,-16.7235 45.1543,-16.7235 45.1543,-15.5684 44.3069,-15.5684;
ADD P1 :W0.000000  45.1543,-19.6220 45.1543,-16.7235 44.3069,-16.7235 44.3069,-19.6220;
ADD P1 :W0.000000  45.1543,-16.7235 46.5858,-16.7235 46.5858,-15.5685 45.1543,-15.5685;
SAVE;
